{
 "cells": [
  {
   "cell_type": "markdown",
   "id": "77c7c101",
   "metadata": {},
   "source": [
    "## Stock Prediction using Numerical & Sentimental Analysis"
   ]
  },
  {
   "cell_type": "markdown",
   "id": "4a559a19",
   "metadata": {},
   "source": [
    "**Name: SANTOSH KUMAR PAUL**"
   ]
  },
  {
   "cell_type": "code",
   "execution_count": 2,
   "id": "df79ca50",
   "metadata": {},
   "outputs": [
    {
     "name": "stderr",
     "output_type": "stream",
     "text": [
      "[nltk_data] Downloading package stopwords to C:\\Users\\Santosh\n",
      "[nltk_data]     Paul\\AppData\\Roaming\\nltk_data...\n",
      "[nltk_data]   Package stopwords is already up-to-date!\n",
      "[nltk_data] Downloading package vader_lexicon to C:\\Users\\Santosh\n",
      "[nltk_data]     Paul\\AppData\\Roaming\\nltk_data...\n",
      "[nltk_data]   Package vader_lexicon is already up-to-date!\n"
     ]
    }
   ],
   "source": [
    "import os\n",
    "import warnings\n",
    "warnings.filterwarnings('ignore')\n",
    "import pandas as pd\n",
    "import numpy as np\n",
    "import matplotlib.pyplot as plt\n",
    "import itertools\n",
    "from statsmodels.tsa.stattools import adfuller, acf, pacf\n",
    "from statsmodels.tsa.arima_model import ARIMA\n",
    "import nltk  # importing natural language toolkit\n",
    "import re  # re stands for regular expresssion which helps us to find particular string.\n",
    "from nltk.corpus import stopwords  # Stopword removes all the unneccessary text values from the test dataset\n",
    "nltk.download('stopwords')  # downloading the stopword \n",
    "nltk.download('vader_lexicon') # downloading the vader_lexicon \n",
    "from textblob import TextBlob\n",
    "from nltk.sentiment.vader import SentimentIntensityAnalyzer\n",
    "from nltk.stem.porter import PorterStemmer   # Porter stemmer is used to get the stem word\n",
    "from sklearn.metrics import mean_squared_error\n",
    "from sklearn.model_selection import train_test_split\n",
    "from sklearn.ensemble import RandomForestRegressor, AdaBoostRegressor\n",
    "import xgboost \n",
    "import lightgbm "
   ]
  },
  {
   "cell_type": "code",
   "execution_count": 2,
   "id": "a4ebd588",
   "metadata": {},
   "outputs": [
    {
     "name": "stdout",
     "output_type": "stream",
     "text": [
      "Requirement already satisfied: lightgbm in c:\\users\\santosh paul\\anaconda3\\lib\\site-packages (3.3.2)\n",
      "Requirement already satisfied: numpy in c:\\users\\santosh paul\\anaconda3\\lib\\site-packages (from lightgbm) (1.20.1)\n",
      "Requirement already satisfied: wheel in c:\\users\\santosh paul\\anaconda3\\lib\\site-packages (from lightgbm) (0.36.2)\n",
      "Requirement already satisfied: scikit-learn!=0.22.0 in c:\\users\\santosh paul\\anaconda3\\lib\\site-packages (from lightgbm) (0.24.1)\n",
      "Requirement already satisfied: scipy in c:\\users\\santosh paul\\anaconda3\\lib\\site-packages (from lightgbm) (1.6.2)\n",
      "Requirement already satisfied: threadpoolctl>=2.0.0 in c:\\users\\santosh paul\\anaconda3\\lib\\site-packages (from scikit-learn!=0.22.0->lightgbm) (2.1.0)\n",
      "Requirement already satisfied: joblib>=0.11 in c:\\users\\santosh paul\\anaconda3\\lib\\site-packages (from scikit-learn!=0.22.0->lightgbm) (1.0.1)\n"
     ]
    }
   ],
   "source": [
    "!pip install lightgbm"
   ]
  },
  {
   "cell_type": "code",
   "execution_count": 3,
   "id": "25f8610a",
   "metadata": {},
   "outputs": [
    {
     "name": "stdout",
     "output_type": "stream",
     "text": [
      "Requirement already satisfied: pmdarima in c:\\users\\santosh paul\\anaconda3\\lib\\site-packages (1.8.5)\n",
      "Requirement already satisfied: numpy>=1.19.3 in c:\\users\\santosh paul\\anaconda3\\lib\\site-packages (from pmdarima) (1.20.1)\n",
      "Requirement already satisfied: statsmodels!=0.12.0,>=0.11 in c:\\users\\santosh paul\\anaconda3\\lib\\site-packages (from pmdarima) (0.12.2)\n",
      "Requirement already satisfied: scikit-learn>=0.22 in c:\\users\\santosh paul\\anaconda3\\lib\\site-packages (from pmdarima) (0.24.1)\n",
      "Requirement already satisfied: joblib>=0.11 in c:\\users\\santosh paul\\anaconda3\\lib\\site-packages (from pmdarima) (1.0.1)\n",
      "Requirement already satisfied: pandas>=0.19 in c:\\users\\santosh paul\\anaconda3\\lib\\site-packages (from pmdarima) (1.2.4)\n",
      "Requirement already satisfied: Cython!=0.29.18,>=0.29 in c:\\users\\santosh paul\\anaconda3\\lib\\site-packages (from pmdarima) (0.29.23)\n",
      "Requirement already satisfied: scipy>=1.3.2 in c:\\users\\santosh paul\\anaconda3\\lib\\site-packages (from pmdarima) (1.6.2)\n",
      "Requirement already satisfied: urllib3 in c:\\users\\santosh paul\\anaconda3\\lib\\site-packages (from pmdarima) (1.26.4)\n",
      "Requirement already satisfied: setuptools!=50.0.0,>=38.6.0 in c:\\users\\santosh paul\\anaconda3\\lib\\site-packages (from pmdarima) (52.0.0.post20210125)\n",
      "Requirement already satisfied: python-dateutil>=2.7.3 in c:\\users\\santosh paul\\anaconda3\\lib\\site-packages (from pandas>=0.19->pmdarima) (2.8.1)\n",
      "Requirement already satisfied: pytz>=2017.3 in c:\\users\\santosh paul\\anaconda3\\lib\\site-packages (from pandas>=0.19->pmdarima) (2021.1)\n",
      "Requirement already satisfied: six>=1.5 in c:\\users\\santosh paul\\anaconda3\\lib\\site-packages (from python-dateutil>=2.7.3->pandas>=0.19->pmdarima) (1.15.0)\n",
      "Requirement already satisfied: threadpoolctl>=2.0.0 in c:\\users\\santosh paul\\anaconda3\\lib\\site-packages (from scikit-learn>=0.22->pmdarima) (2.1.0)\n",
      "Requirement already satisfied: patsy>=0.5 in c:\\users\\santosh paul\\anaconda3\\lib\\site-packages (from statsmodels!=0.12.0,>=0.11->pmdarima) (0.5.1)\n"
     ]
    }
   ],
   "source": [
    "!pip install pmdarima"
   ]
  },
  {
   "cell_type": "code",
   "execution_count": 4,
   "id": "18a8e4cf",
   "metadata": {},
   "outputs": [],
   "source": [
    "df_prices = pd.read_csv('TSLA.csv')"
   ]
  },
  {
   "cell_type": "code",
   "execution_count": 5,
   "id": "27478bce",
   "metadata": {},
   "outputs": [
    {
     "data": {
      "text/html": [
       "<div>\n",
       "<style scoped>\n",
       "    .dataframe tbody tr th:only-of-type {\n",
       "        vertical-align: middle;\n",
       "    }\n",
       "\n",
       "    .dataframe tbody tr th {\n",
       "        vertical-align: top;\n",
       "    }\n",
       "\n",
       "    .dataframe thead th {\n",
       "        text-align: right;\n",
       "    }\n",
       "</style>\n",
       "<table border=\"1\" class=\"dataframe\">\n",
       "  <thead>\n",
       "    <tr style=\"text-align: right;\">\n",
       "      <th></th>\n",
       "      <th>Date</th>\n",
       "      <th>Open</th>\n",
       "      <th>High</th>\n",
       "      <th>Low</th>\n",
       "      <th>Close</th>\n",
       "      <th>Adj Close</th>\n",
       "      <th>Volume</th>\n",
       "    </tr>\n",
       "  </thead>\n",
       "  <tbody>\n",
       "    <tr>\n",
       "      <th>0</th>\n",
       "      <td>03-01-2012</td>\n",
       "      <td>5.788</td>\n",
       "      <td>5.900</td>\n",
       "      <td>5.530</td>\n",
       "      <td>5.616</td>\n",
       "      <td>5.616</td>\n",
       "      <td>4640500</td>\n",
       "    </tr>\n",
       "    <tr>\n",
       "      <th>1</th>\n",
       "      <td>04-01-2012</td>\n",
       "      <td>5.642</td>\n",
       "      <td>5.734</td>\n",
       "      <td>5.500</td>\n",
       "      <td>5.542</td>\n",
       "      <td>5.542</td>\n",
       "      <td>3150500</td>\n",
       "    </tr>\n",
       "    <tr>\n",
       "      <th>2</th>\n",
       "      <td>05-01-2012</td>\n",
       "      <td>5.552</td>\n",
       "      <td>5.586</td>\n",
       "      <td>5.370</td>\n",
       "      <td>5.424</td>\n",
       "      <td>5.424</td>\n",
       "      <td>5027500</td>\n",
       "    </tr>\n",
       "    <tr>\n",
       "      <th>3</th>\n",
       "      <td>06-01-2012</td>\n",
       "      <td>5.440</td>\n",
       "      <td>5.558</td>\n",
       "      <td>5.282</td>\n",
       "      <td>5.382</td>\n",
       "      <td>5.382</td>\n",
       "      <td>4931500</td>\n",
       "    </tr>\n",
       "    <tr>\n",
       "      <th>4</th>\n",
       "      <td>09-01-2012</td>\n",
       "      <td>5.400</td>\n",
       "      <td>5.498</td>\n",
       "      <td>5.224</td>\n",
       "      <td>5.450</td>\n",
       "      <td>5.450</td>\n",
       "      <td>4485000</td>\n",
       "    </tr>\n",
       "    <tr>\n",
       "      <th>5</th>\n",
       "      <td>10-01-2012</td>\n",
       "      <td>5.488</td>\n",
       "      <td>5.552</td>\n",
       "      <td>5.450</td>\n",
       "      <td>5.524</td>\n",
       "      <td>5.524</td>\n",
       "      <td>3359000</td>\n",
       "    </tr>\n",
       "    <tr>\n",
       "      <th>6</th>\n",
       "      <td>11-01-2012</td>\n",
       "      <td>5.524</td>\n",
       "      <td>5.676</td>\n",
       "      <td>5.460</td>\n",
       "      <td>5.646</td>\n",
       "      <td>5.646</td>\n",
       "      <td>3361500</td>\n",
       "    </tr>\n",
       "    <tr>\n",
       "      <th>7</th>\n",
       "      <td>12-01-2012</td>\n",
       "      <td>5.696</td>\n",
       "      <td>5.724</td>\n",
       "      <td>5.562</td>\n",
       "      <td>5.650</td>\n",
       "      <td>5.650</td>\n",
       "      <td>3646500</td>\n",
       "    </tr>\n",
       "    <tr>\n",
       "      <th>8</th>\n",
       "      <td>13-01-2012</td>\n",
       "      <td>5.680</td>\n",
       "      <td>5.700</td>\n",
       "      <td>4.528</td>\n",
       "      <td>4.558</td>\n",
       "      <td>4.558</td>\n",
       "      <td>27502000</td>\n",
       "    </tr>\n",
       "    <tr>\n",
       "      <th>9</th>\n",
       "      <td>17-01-2012</td>\n",
       "      <td>5.324</td>\n",
       "      <td>5.468</td>\n",
       "      <td>5.282</td>\n",
       "      <td>5.320</td>\n",
       "      <td>5.320</td>\n",
       "      <td>23258000</td>\n",
       "    </tr>\n",
       "    <tr>\n",
       "      <th>10</th>\n",
       "      <td>18-01-2012</td>\n",
       "      <td>5.338</td>\n",
       "      <td>5.376</td>\n",
       "      <td>5.250</td>\n",
       "      <td>5.362</td>\n",
       "      <td>5.362</td>\n",
       "      <td>6301000</td>\n",
       "    </tr>\n",
       "    <tr>\n",
       "      <th>11</th>\n",
       "      <td>19-01-2012</td>\n",
       "      <td>5.438</td>\n",
       "      <td>5.548</td>\n",
       "      <td>5.322</td>\n",
       "      <td>5.352</td>\n",
       "      <td>5.352</td>\n",
       "      <td>6231500</td>\n",
       "    </tr>\n",
       "    <tr>\n",
       "      <th>12</th>\n",
       "      <td>20-01-2012</td>\n",
       "      <td>5.380</td>\n",
       "      <td>5.400</td>\n",
       "      <td>5.280</td>\n",
       "      <td>5.320</td>\n",
       "      <td>5.320</td>\n",
       "      <td>3311500</td>\n",
       "    </tr>\n",
       "    <tr>\n",
       "      <th>13</th>\n",
       "      <td>23-01-2012</td>\n",
       "      <td>5.362</td>\n",
       "      <td>5.442</td>\n",
       "      <td>5.320</td>\n",
       "      <td>5.354</td>\n",
       "      <td>5.354</td>\n",
       "      <td>2973000</td>\n",
       "    </tr>\n",
       "    <tr>\n",
       "      <th>14</th>\n",
       "      <td>24-01-2012</td>\n",
       "      <td>5.326</td>\n",
       "      <td>5.536</td>\n",
       "      <td>5.288</td>\n",
       "      <td>5.484</td>\n",
       "      <td>5.484</td>\n",
       "      <td>4290000</td>\n",
       "    </tr>\n",
       "    <tr>\n",
       "      <th>15</th>\n",
       "      <td>25-01-2012</td>\n",
       "      <td>5.454</td>\n",
       "      <td>5.602</td>\n",
       "      <td>5.410</td>\n",
       "      <td>5.594</td>\n",
       "      <td>5.594</td>\n",
       "      <td>3056000</td>\n",
       "    </tr>\n",
       "    <tr>\n",
       "      <th>16</th>\n",
       "      <td>26-01-2012</td>\n",
       "      <td>5.614</td>\n",
       "      <td>5.916</td>\n",
       "      <td>5.600</td>\n",
       "      <td>5.788</td>\n",
       "      <td>5.788</td>\n",
       "      <td>6355500</td>\n",
       "    </tr>\n",
       "    <tr>\n",
       "      <th>17</th>\n",
       "      <td>27-01-2012</td>\n",
       "      <td>5.700</td>\n",
       "      <td>5.944</td>\n",
       "      <td>5.700</td>\n",
       "      <td>5.866</td>\n",
       "      <td>5.866</td>\n",
       "      <td>3742000</td>\n",
       "    </tr>\n",
       "    <tr>\n",
       "      <th>18</th>\n",
       "      <td>30-01-2012</td>\n",
       "      <td>5.898</td>\n",
       "      <td>5.922</td>\n",
       "      <td>5.706</td>\n",
       "      <td>5.914</td>\n",
       "      <td>5.914</td>\n",
       "      <td>3645000</td>\n",
       "    </tr>\n",
       "    <tr>\n",
       "      <th>19</th>\n",
       "      <td>31-01-2012</td>\n",
       "      <td>5.980</td>\n",
       "      <td>6.000</td>\n",
       "      <td>5.774</td>\n",
       "      <td>5.814</td>\n",
       "      <td>5.814</td>\n",
       "      <td>4782000</td>\n",
       "    </tr>\n",
       "  </tbody>\n",
       "</table>\n",
       "</div>"
      ],
      "text/plain": [
       "          Date   Open   High    Low  Close  Adj Close    Volume\n",
       "0   03-01-2012  5.788  5.900  5.530  5.616      5.616   4640500\n",
       "1   04-01-2012  5.642  5.734  5.500  5.542      5.542   3150500\n",
       "2   05-01-2012  5.552  5.586  5.370  5.424      5.424   5027500\n",
       "3   06-01-2012  5.440  5.558  5.282  5.382      5.382   4931500\n",
       "4   09-01-2012  5.400  5.498  5.224  5.450      5.450   4485000\n",
       "5   10-01-2012  5.488  5.552  5.450  5.524      5.524   3359000\n",
       "6   11-01-2012  5.524  5.676  5.460  5.646      5.646   3361500\n",
       "7   12-01-2012  5.696  5.724  5.562  5.650      5.650   3646500\n",
       "8   13-01-2012  5.680  5.700  4.528  4.558      4.558  27502000\n",
       "9   17-01-2012  5.324  5.468  5.282  5.320      5.320  23258000\n",
       "10  18-01-2012  5.338  5.376  5.250  5.362      5.362   6301000\n",
       "11  19-01-2012  5.438  5.548  5.322  5.352      5.352   6231500\n",
       "12  20-01-2012  5.380  5.400  5.280  5.320      5.320   3311500\n",
       "13  23-01-2012  5.362  5.442  5.320  5.354      5.354   2973000\n",
       "14  24-01-2012  5.326  5.536  5.288  5.484      5.484   4290000\n",
       "15  25-01-2012  5.454  5.602  5.410  5.594      5.594   3056000\n",
       "16  26-01-2012  5.614  5.916  5.600  5.788      5.788   6355500\n",
       "17  27-01-2012  5.700  5.944  5.700  5.866      5.866   3742000\n",
       "18  30-01-2012  5.898  5.922  5.706  5.914      5.914   3645000\n",
       "19  31-01-2012  5.980  6.000  5.774  5.814      5.814   4782000"
      ]
     },
     "execution_count": 5,
     "metadata": {},
     "output_type": "execute_result"
    }
   ],
   "source": [
    "df_prices.head(20)"
   ]
  },
  {
   "cell_type": "code",
   "execution_count": 68,
   "id": "82e0260d",
   "metadata": {},
   "outputs": [
    {
     "data": {
      "text/html": [
       "<div>\n",
       "<style scoped>\n",
       "    .dataframe tbody tr th:only-of-type {\n",
       "        vertical-align: middle;\n",
       "    }\n",
       "\n",
       "    .dataframe tbody tr th {\n",
       "        vertical-align: top;\n",
       "    }\n",
       "\n",
       "    .dataframe thead th {\n",
       "        text-align: right;\n",
       "    }\n",
       "</style>\n",
       "<table border=\"1\" class=\"dataframe\">\n",
       "  <thead>\n",
       "    <tr style=\"text-align: right;\">\n",
       "      <th></th>\n",
       "      <th>Date</th>\n",
       "      <th>Open</th>\n",
       "      <th>High</th>\n",
       "      <th>Low</th>\n",
       "      <th>Close</th>\n",
       "      <th>Adj Close</th>\n",
       "      <th>Volume</th>\n",
       "    </tr>\n",
       "  </thead>\n",
       "  <tbody>\n",
       "    <tr>\n",
       "      <th>2551</th>\n",
       "      <td>2022-02-22</td>\n",
       "      <td>834.130005</td>\n",
       "      <td>856.729980</td>\n",
       "      <td>801.099976</td>\n",
       "      <td>821.530029</td>\n",
       "      <td>821.530029</td>\n",
       "      <td>27762700</td>\n",
       "    </tr>\n",
       "    <tr>\n",
       "      <th>2552</th>\n",
       "      <td>2022-02-23</td>\n",
       "      <td>830.429993</td>\n",
       "      <td>835.299988</td>\n",
       "      <td>760.559998</td>\n",
       "      <td>764.039978</td>\n",
       "      <td>764.039978</td>\n",
       "      <td>31752300</td>\n",
       "    </tr>\n",
       "    <tr>\n",
       "      <th>2553</th>\n",
       "      <td>2022-02-24</td>\n",
       "      <td>700.390015</td>\n",
       "      <td>802.479980</td>\n",
       "      <td>700.000000</td>\n",
       "      <td>800.770020</td>\n",
       "      <td>800.770020</td>\n",
       "      <td>45107400</td>\n",
       "    </tr>\n",
       "    <tr>\n",
       "      <th>2554</th>\n",
       "      <td>2022-02-25</td>\n",
       "      <td>809.229980</td>\n",
       "      <td>819.500000</td>\n",
       "      <td>782.400024</td>\n",
       "      <td>809.869995</td>\n",
       "      <td>809.869995</td>\n",
       "      <td>25355900</td>\n",
       "    </tr>\n",
       "    <tr>\n",
       "      <th>2555</th>\n",
       "      <td>2022-02-28</td>\n",
       "      <td>815.010010</td>\n",
       "      <td>876.859985</td>\n",
       "      <td>814.710022</td>\n",
       "      <td>870.429993</td>\n",
       "      <td>870.429993</td>\n",
       "      <td>33002300</td>\n",
       "    </tr>\n",
       "  </tbody>\n",
       "</table>\n",
       "</div>"
      ],
      "text/plain": [
       "           Date        Open        High         Low       Close   Adj Close  \\\n",
       "2551 2022-02-22  834.130005  856.729980  801.099976  821.530029  821.530029   \n",
       "2552 2022-02-23  830.429993  835.299988  760.559998  764.039978  764.039978   \n",
       "2553 2022-02-24  700.390015  802.479980  700.000000  800.770020  800.770020   \n",
       "2554 2022-02-25  809.229980  819.500000  782.400024  809.869995  809.869995   \n",
       "2555 2022-02-28  815.010010  876.859985  814.710022  870.429993  870.429993   \n",
       "\n",
       "        Volume  \n",
       "2551  27762700  \n",
       "2552  31752300  \n",
       "2553  45107400  \n",
       "2554  25355900  \n",
       "2555  33002300  "
      ]
     },
     "execution_count": 68,
     "metadata": {},
     "output_type": "execute_result"
    }
   ],
   "source": [
    "df_prices.tail(5)"
   ]
  },
  {
   "cell_type": "code",
   "execution_count": 6,
   "id": "4ef2b42b",
   "metadata": {},
   "outputs": [
    {
     "data": {
      "text/plain": [
       "17892"
      ]
     },
     "execution_count": 6,
     "metadata": {},
     "output_type": "execute_result"
    }
   ],
   "source": [
    "df_prices.size"
   ]
  },
  {
   "cell_type": "code",
   "execution_count": 7,
   "id": "b54e9a28",
   "metadata": {},
   "outputs": [
    {
     "name": "stdout",
     "output_type": "stream",
     "text": [
      "<class 'pandas.core.frame.DataFrame'>\n",
      "RangeIndex: 2556 entries, 0 to 2555\n",
      "Data columns (total 7 columns):\n",
      " #   Column     Non-Null Count  Dtype  \n",
      "---  ------     --------------  -----  \n",
      " 0   Date       2556 non-null   object \n",
      " 1   Open       2556 non-null   float64\n",
      " 2   High       2556 non-null   float64\n",
      " 3   Low        2556 non-null   float64\n",
      " 4   Close      2556 non-null   float64\n",
      " 5   Adj Close  2556 non-null   float64\n",
      " 6   Volume     2556 non-null   int64  \n",
      "dtypes: float64(5), int64(1), object(1)\n",
      "memory usage: 139.9+ KB\n"
     ]
    }
   ],
   "source": [
    "df_prices.info()"
   ]
  },
  {
   "cell_type": "markdown",
   "id": "e4ac753a",
   "metadata": {},
   "source": [
    "# Data Preprocessing"
   ]
  },
  {
   "cell_type": "code",
   "execution_count": 8,
   "id": "aba0a403",
   "metadata": {},
   "outputs": [
    {
     "name": "stdout",
     "output_type": "stream",
     "text": [
      "<class 'pandas.core.frame.DataFrame'>\n",
      "RangeIndex: 2556 entries, 0 to 2555\n",
      "Data columns (total 7 columns):\n",
      " #   Column     Non-Null Count  Dtype         \n",
      "---  ------     --------------  -----         \n",
      " 0   Date       2556 non-null   datetime64[ns]\n",
      " 1   Open       2556 non-null   float64       \n",
      " 2   High       2556 non-null   float64       \n",
      " 3   Low        2556 non-null   float64       \n",
      " 4   Close      2556 non-null   float64       \n",
      " 5   Adj Close  2556 non-null   float64       \n",
      " 6   Volume     2556 non-null   int64         \n",
      "dtypes: datetime64[ns](1), float64(5), int64(1)\n",
      "memory usage: 139.9 KB\n"
     ]
    }
   ],
   "source": [
    "#Converting Date column to datetime datatype\n",
    "df_prices['Date'] = pd.to_datetime(df_prices['Date'])\n",
    "df_prices.info()"
   ]
  },
  {
   "cell_type": "code",
   "execution_count": 9,
   "id": "ba510c03",
   "metadata": {},
   "outputs": [
    {
     "data": {
      "text/html": [
       "<div>\n",
       "<style scoped>\n",
       "    .dataframe tbody tr th:only-of-type {\n",
       "        vertical-align: middle;\n",
       "    }\n",
       "\n",
       "    .dataframe tbody tr th {\n",
       "        vertical-align: top;\n",
       "    }\n",
       "\n",
       "    .dataframe thead th {\n",
       "        text-align: right;\n",
       "    }\n",
       "</style>\n",
       "<table border=\"1\" class=\"dataframe\">\n",
       "  <thead>\n",
       "    <tr style=\"text-align: right;\">\n",
       "      <th></th>\n",
       "      <th>Date</th>\n",
       "      <th>Open</th>\n",
       "      <th>High</th>\n",
       "      <th>Low</th>\n",
       "      <th>Close</th>\n",
       "      <th>Adj Close</th>\n",
       "      <th>Volume</th>\n",
       "    </tr>\n",
       "  </thead>\n",
       "  <tbody>\n",
       "    <tr>\n",
       "      <th>0</th>\n",
       "      <td>2012-03-01</td>\n",
       "      <td>5.788</td>\n",
       "      <td>5.900</td>\n",
       "      <td>5.530</td>\n",
       "      <td>5.616</td>\n",
       "      <td>5.616</td>\n",
       "      <td>4640500</td>\n",
       "    </tr>\n",
       "    <tr>\n",
       "      <th>1</th>\n",
       "      <td>2012-04-01</td>\n",
       "      <td>5.642</td>\n",
       "      <td>5.734</td>\n",
       "      <td>5.500</td>\n",
       "      <td>5.542</td>\n",
       "      <td>5.542</td>\n",
       "      <td>3150500</td>\n",
       "    </tr>\n",
       "    <tr>\n",
       "      <th>2</th>\n",
       "      <td>2012-05-01</td>\n",
       "      <td>5.552</td>\n",
       "      <td>5.586</td>\n",
       "      <td>5.370</td>\n",
       "      <td>5.424</td>\n",
       "      <td>5.424</td>\n",
       "      <td>5027500</td>\n",
       "    </tr>\n",
       "    <tr>\n",
       "      <th>3</th>\n",
       "      <td>2012-06-01</td>\n",
       "      <td>5.440</td>\n",
       "      <td>5.558</td>\n",
       "      <td>5.282</td>\n",
       "      <td>5.382</td>\n",
       "      <td>5.382</td>\n",
       "      <td>4931500</td>\n",
       "    </tr>\n",
       "    <tr>\n",
       "      <th>4</th>\n",
       "      <td>2012-09-01</td>\n",
       "      <td>5.400</td>\n",
       "      <td>5.498</td>\n",
       "      <td>5.224</td>\n",
       "      <td>5.450</td>\n",
       "      <td>5.450</td>\n",
       "      <td>4485000</td>\n",
       "    </tr>\n",
       "    <tr>\n",
       "      <th>5</th>\n",
       "      <td>2012-10-01</td>\n",
       "      <td>5.488</td>\n",
       "      <td>5.552</td>\n",
       "      <td>5.450</td>\n",
       "      <td>5.524</td>\n",
       "      <td>5.524</td>\n",
       "      <td>3359000</td>\n",
       "    </tr>\n",
       "    <tr>\n",
       "      <th>6</th>\n",
       "      <td>2012-11-01</td>\n",
       "      <td>5.524</td>\n",
       "      <td>5.676</td>\n",
       "      <td>5.460</td>\n",
       "      <td>5.646</td>\n",
       "      <td>5.646</td>\n",
       "      <td>3361500</td>\n",
       "    </tr>\n",
       "    <tr>\n",
       "      <th>7</th>\n",
       "      <td>2012-12-01</td>\n",
       "      <td>5.696</td>\n",
       "      <td>5.724</td>\n",
       "      <td>5.562</td>\n",
       "      <td>5.650</td>\n",
       "      <td>5.650</td>\n",
       "      <td>3646500</td>\n",
       "    </tr>\n",
       "    <tr>\n",
       "      <th>8</th>\n",
       "      <td>2012-01-13</td>\n",
       "      <td>5.680</td>\n",
       "      <td>5.700</td>\n",
       "      <td>4.528</td>\n",
       "      <td>4.558</td>\n",
       "      <td>4.558</td>\n",
       "      <td>27502000</td>\n",
       "    </tr>\n",
       "    <tr>\n",
       "      <th>9</th>\n",
       "      <td>2012-01-17</td>\n",
       "      <td>5.324</td>\n",
       "      <td>5.468</td>\n",
       "      <td>5.282</td>\n",
       "      <td>5.320</td>\n",
       "      <td>5.320</td>\n",
       "      <td>23258000</td>\n",
       "    </tr>\n",
       "    <tr>\n",
       "      <th>10</th>\n",
       "      <td>2012-01-18</td>\n",
       "      <td>5.338</td>\n",
       "      <td>5.376</td>\n",
       "      <td>5.250</td>\n",
       "      <td>5.362</td>\n",
       "      <td>5.362</td>\n",
       "      <td>6301000</td>\n",
       "    </tr>\n",
       "    <tr>\n",
       "      <th>11</th>\n",
       "      <td>2012-01-19</td>\n",
       "      <td>5.438</td>\n",
       "      <td>5.548</td>\n",
       "      <td>5.322</td>\n",
       "      <td>5.352</td>\n",
       "      <td>5.352</td>\n",
       "      <td>6231500</td>\n",
       "    </tr>\n",
       "    <tr>\n",
       "      <th>12</th>\n",
       "      <td>2012-01-20</td>\n",
       "      <td>5.380</td>\n",
       "      <td>5.400</td>\n",
       "      <td>5.280</td>\n",
       "      <td>5.320</td>\n",
       "      <td>5.320</td>\n",
       "      <td>3311500</td>\n",
       "    </tr>\n",
       "    <tr>\n",
       "      <th>13</th>\n",
       "      <td>2012-01-23</td>\n",
       "      <td>5.362</td>\n",
       "      <td>5.442</td>\n",
       "      <td>5.320</td>\n",
       "      <td>5.354</td>\n",
       "      <td>5.354</td>\n",
       "      <td>2973000</td>\n",
       "    </tr>\n",
       "    <tr>\n",
       "      <th>14</th>\n",
       "      <td>2012-01-24</td>\n",
       "      <td>5.326</td>\n",
       "      <td>5.536</td>\n",
       "      <td>5.288</td>\n",
       "      <td>5.484</td>\n",
       "      <td>5.484</td>\n",
       "      <td>4290000</td>\n",
       "    </tr>\n",
       "    <tr>\n",
       "      <th>15</th>\n",
       "      <td>2012-01-25</td>\n",
       "      <td>5.454</td>\n",
       "      <td>5.602</td>\n",
       "      <td>5.410</td>\n",
       "      <td>5.594</td>\n",
       "      <td>5.594</td>\n",
       "      <td>3056000</td>\n",
       "    </tr>\n",
       "    <tr>\n",
       "      <th>16</th>\n",
       "      <td>2012-01-26</td>\n",
       "      <td>5.614</td>\n",
       "      <td>5.916</td>\n",
       "      <td>5.600</td>\n",
       "      <td>5.788</td>\n",
       "      <td>5.788</td>\n",
       "      <td>6355500</td>\n",
       "    </tr>\n",
       "    <tr>\n",
       "      <th>17</th>\n",
       "      <td>2012-01-27</td>\n",
       "      <td>5.700</td>\n",
       "      <td>5.944</td>\n",
       "      <td>5.700</td>\n",
       "      <td>5.866</td>\n",
       "      <td>5.866</td>\n",
       "      <td>3742000</td>\n",
       "    </tr>\n",
       "    <tr>\n",
       "      <th>18</th>\n",
       "      <td>2012-01-30</td>\n",
       "      <td>5.898</td>\n",
       "      <td>5.922</td>\n",
       "      <td>5.706</td>\n",
       "      <td>5.914</td>\n",
       "      <td>5.914</td>\n",
       "      <td>3645000</td>\n",
       "    </tr>\n",
       "    <tr>\n",
       "      <th>19</th>\n",
       "      <td>2012-01-31</td>\n",
       "      <td>5.980</td>\n",
       "      <td>6.000</td>\n",
       "      <td>5.774</td>\n",
       "      <td>5.814</td>\n",
       "      <td>5.814</td>\n",
       "      <td>4782000</td>\n",
       "    </tr>\n",
       "  </tbody>\n",
       "</table>\n",
       "</div>"
      ],
      "text/plain": [
       "         Date   Open   High    Low  Close  Adj Close    Volume\n",
       "0  2012-03-01  5.788  5.900  5.530  5.616      5.616   4640500\n",
       "1  2012-04-01  5.642  5.734  5.500  5.542      5.542   3150500\n",
       "2  2012-05-01  5.552  5.586  5.370  5.424      5.424   5027500\n",
       "3  2012-06-01  5.440  5.558  5.282  5.382      5.382   4931500\n",
       "4  2012-09-01  5.400  5.498  5.224  5.450      5.450   4485000\n",
       "5  2012-10-01  5.488  5.552  5.450  5.524      5.524   3359000\n",
       "6  2012-11-01  5.524  5.676  5.460  5.646      5.646   3361500\n",
       "7  2012-12-01  5.696  5.724  5.562  5.650      5.650   3646500\n",
       "8  2012-01-13  5.680  5.700  4.528  4.558      4.558  27502000\n",
       "9  2012-01-17  5.324  5.468  5.282  5.320      5.320  23258000\n",
       "10 2012-01-18  5.338  5.376  5.250  5.362      5.362   6301000\n",
       "11 2012-01-19  5.438  5.548  5.322  5.352      5.352   6231500\n",
       "12 2012-01-20  5.380  5.400  5.280  5.320      5.320   3311500\n",
       "13 2012-01-23  5.362  5.442  5.320  5.354      5.354   2973000\n",
       "14 2012-01-24  5.326  5.536  5.288  5.484      5.484   4290000\n",
       "15 2012-01-25  5.454  5.602  5.410  5.594      5.594   3056000\n",
       "16 2012-01-26  5.614  5.916  5.600  5.788      5.788   6355500\n",
       "17 2012-01-27  5.700  5.944  5.700  5.866      5.866   3742000\n",
       "18 2012-01-30  5.898  5.922  5.706  5.914      5.914   3645000\n",
       "19 2012-01-31  5.980  6.000  5.774  5.814      5.814   4782000"
      ]
     },
     "execution_count": 9,
     "metadata": {},
     "output_type": "execute_result"
    }
   ],
   "source": [
    "df_prices.head(20)"
   ]
  },
  {
   "cell_type": "code",
   "execution_count": 8,
   "id": "393ebf5f",
   "metadata": {},
   "outputs": [],
   "source": [
    "df_prices.dropna(inplace = True)"
   ]
  },
  {
   "cell_type": "code",
   "execution_count": 10,
   "id": "008911c5",
   "metadata": {},
   "outputs": [
    {
     "data": {
      "text/html": [
       "<div>\n",
       "<style scoped>\n",
       "    .dataframe tbody tr th:only-of-type {\n",
       "        vertical-align: middle;\n",
       "    }\n",
       "\n",
       "    .dataframe tbody tr th {\n",
       "        vertical-align: top;\n",
       "    }\n",
       "\n",
       "    .dataframe thead th {\n",
       "        text-align: right;\n",
       "    }\n",
       "</style>\n",
       "<table border=\"1\" class=\"dataframe\">\n",
       "  <thead>\n",
       "    <tr style=\"text-align: right;\">\n",
       "      <th></th>\n",
       "      <th>Date</th>\n",
       "      <th>Open</th>\n",
       "      <th>High</th>\n",
       "      <th>Low</th>\n",
       "      <th>Close</th>\n",
       "      <th>Adj Close</th>\n",
       "      <th>Volume</th>\n",
       "    </tr>\n",
       "  </thead>\n",
       "  <tbody>\n",
       "    <tr>\n",
       "      <th>0</th>\n",
       "      <td>2012-03-01</td>\n",
       "      <td>5.788</td>\n",
       "      <td>5.900</td>\n",
       "      <td>5.530</td>\n",
       "      <td>5.616</td>\n",
       "      <td>5.616</td>\n",
       "      <td>4640500</td>\n",
       "    </tr>\n",
       "    <tr>\n",
       "      <th>1</th>\n",
       "      <td>2012-04-01</td>\n",
       "      <td>5.642</td>\n",
       "      <td>5.734</td>\n",
       "      <td>5.500</td>\n",
       "      <td>5.542</td>\n",
       "      <td>5.542</td>\n",
       "      <td>3150500</td>\n",
       "    </tr>\n",
       "    <tr>\n",
       "      <th>2</th>\n",
       "      <td>2012-05-01</td>\n",
       "      <td>5.552</td>\n",
       "      <td>5.586</td>\n",
       "      <td>5.370</td>\n",
       "      <td>5.424</td>\n",
       "      <td>5.424</td>\n",
       "      <td>5027500</td>\n",
       "    </tr>\n",
       "    <tr>\n",
       "      <th>3</th>\n",
       "      <td>2012-06-01</td>\n",
       "      <td>5.440</td>\n",
       "      <td>5.558</td>\n",
       "      <td>5.282</td>\n",
       "      <td>5.382</td>\n",
       "      <td>5.382</td>\n",
       "      <td>4931500</td>\n",
       "    </tr>\n",
       "    <tr>\n",
       "      <th>4</th>\n",
       "      <td>2012-09-01</td>\n",
       "      <td>5.400</td>\n",
       "      <td>5.498</td>\n",
       "      <td>5.224</td>\n",
       "      <td>5.450</td>\n",
       "      <td>5.450</td>\n",
       "      <td>4485000</td>\n",
       "    </tr>\n",
       "    <tr>\n",
       "      <th>5</th>\n",
       "      <td>2012-10-01</td>\n",
       "      <td>5.488</td>\n",
       "      <td>5.552</td>\n",
       "      <td>5.450</td>\n",
       "      <td>5.524</td>\n",
       "      <td>5.524</td>\n",
       "      <td>3359000</td>\n",
       "    </tr>\n",
       "    <tr>\n",
       "      <th>6</th>\n",
       "      <td>2012-11-01</td>\n",
       "      <td>5.524</td>\n",
       "      <td>5.676</td>\n",
       "      <td>5.460</td>\n",
       "      <td>5.646</td>\n",
       "      <td>5.646</td>\n",
       "      <td>3361500</td>\n",
       "    </tr>\n",
       "    <tr>\n",
       "      <th>7</th>\n",
       "      <td>2012-12-01</td>\n",
       "      <td>5.696</td>\n",
       "      <td>5.724</td>\n",
       "      <td>5.562</td>\n",
       "      <td>5.650</td>\n",
       "      <td>5.650</td>\n",
       "      <td>3646500</td>\n",
       "    </tr>\n",
       "    <tr>\n",
       "      <th>8</th>\n",
       "      <td>2012-01-13</td>\n",
       "      <td>5.680</td>\n",
       "      <td>5.700</td>\n",
       "      <td>4.528</td>\n",
       "      <td>4.558</td>\n",
       "      <td>4.558</td>\n",
       "      <td>27502000</td>\n",
       "    </tr>\n",
       "    <tr>\n",
       "      <th>9</th>\n",
       "      <td>2012-01-17</td>\n",
       "      <td>5.324</td>\n",
       "      <td>5.468</td>\n",
       "      <td>5.282</td>\n",
       "      <td>5.320</td>\n",
       "      <td>5.320</td>\n",
       "      <td>23258000</td>\n",
       "    </tr>\n",
       "    <tr>\n",
       "      <th>10</th>\n",
       "      <td>2012-01-18</td>\n",
       "      <td>5.338</td>\n",
       "      <td>5.376</td>\n",
       "      <td>5.250</td>\n",
       "      <td>5.362</td>\n",
       "      <td>5.362</td>\n",
       "      <td>6301000</td>\n",
       "    </tr>\n",
       "    <tr>\n",
       "      <th>11</th>\n",
       "      <td>2012-01-19</td>\n",
       "      <td>5.438</td>\n",
       "      <td>5.548</td>\n",
       "      <td>5.322</td>\n",
       "      <td>5.352</td>\n",
       "      <td>5.352</td>\n",
       "      <td>6231500</td>\n",
       "    </tr>\n",
       "    <tr>\n",
       "      <th>12</th>\n",
       "      <td>2012-01-20</td>\n",
       "      <td>5.380</td>\n",
       "      <td>5.400</td>\n",
       "      <td>5.280</td>\n",
       "      <td>5.320</td>\n",
       "      <td>5.320</td>\n",
       "      <td>3311500</td>\n",
       "    </tr>\n",
       "    <tr>\n",
       "      <th>13</th>\n",
       "      <td>2012-01-23</td>\n",
       "      <td>5.362</td>\n",
       "      <td>5.442</td>\n",
       "      <td>5.320</td>\n",
       "      <td>5.354</td>\n",
       "      <td>5.354</td>\n",
       "      <td>2973000</td>\n",
       "    </tr>\n",
       "    <tr>\n",
       "      <th>14</th>\n",
       "      <td>2012-01-24</td>\n",
       "      <td>5.326</td>\n",
       "      <td>5.536</td>\n",
       "      <td>5.288</td>\n",
       "      <td>5.484</td>\n",
       "      <td>5.484</td>\n",
       "      <td>4290000</td>\n",
       "    </tr>\n",
       "    <tr>\n",
       "      <th>15</th>\n",
       "      <td>2012-01-25</td>\n",
       "      <td>5.454</td>\n",
       "      <td>5.602</td>\n",
       "      <td>5.410</td>\n",
       "      <td>5.594</td>\n",
       "      <td>5.594</td>\n",
       "      <td>3056000</td>\n",
       "    </tr>\n",
       "    <tr>\n",
       "      <th>16</th>\n",
       "      <td>2012-01-26</td>\n",
       "      <td>5.614</td>\n",
       "      <td>5.916</td>\n",
       "      <td>5.600</td>\n",
       "      <td>5.788</td>\n",
       "      <td>5.788</td>\n",
       "      <td>6355500</td>\n",
       "    </tr>\n",
       "    <tr>\n",
       "      <th>17</th>\n",
       "      <td>2012-01-27</td>\n",
       "      <td>5.700</td>\n",
       "      <td>5.944</td>\n",
       "      <td>5.700</td>\n",
       "      <td>5.866</td>\n",
       "      <td>5.866</td>\n",
       "      <td>3742000</td>\n",
       "    </tr>\n",
       "    <tr>\n",
       "      <th>18</th>\n",
       "      <td>2012-01-30</td>\n",
       "      <td>5.898</td>\n",
       "      <td>5.922</td>\n",
       "      <td>5.706</td>\n",
       "      <td>5.914</td>\n",
       "      <td>5.914</td>\n",
       "      <td>3645000</td>\n",
       "    </tr>\n",
       "    <tr>\n",
       "      <th>19</th>\n",
       "      <td>2012-01-31</td>\n",
       "      <td>5.980</td>\n",
       "      <td>6.000</td>\n",
       "      <td>5.774</td>\n",
       "      <td>5.814</td>\n",
       "      <td>5.814</td>\n",
       "      <td>4782000</td>\n",
       "    </tr>\n",
       "  </tbody>\n",
       "</table>\n",
       "</div>"
      ],
      "text/plain": [
       "         Date   Open   High    Low  Close  Adj Close    Volume\n",
       "0  2012-03-01  5.788  5.900  5.530  5.616      5.616   4640500\n",
       "1  2012-04-01  5.642  5.734  5.500  5.542      5.542   3150500\n",
       "2  2012-05-01  5.552  5.586  5.370  5.424      5.424   5027500\n",
       "3  2012-06-01  5.440  5.558  5.282  5.382      5.382   4931500\n",
       "4  2012-09-01  5.400  5.498  5.224  5.450      5.450   4485000\n",
       "5  2012-10-01  5.488  5.552  5.450  5.524      5.524   3359000\n",
       "6  2012-11-01  5.524  5.676  5.460  5.646      5.646   3361500\n",
       "7  2012-12-01  5.696  5.724  5.562  5.650      5.650   3646500\n",
       "8  2012-01-13  5.680  5.700  4.528  4.558      4.558  27502000\n",
       "9  2012-01-17  5.324  5.468  5.282  5.320      5.320  23258000\n",
       "10 2012-01-18  5.338  5.376  5.250  5.362      5.362   6301000\n",
       "11 2012-01-19  5.438  5.548  5.322  5.352      5.352   6231500\n",
       "12 2012-01-20  5.380  5.400  5.280  5.320      5.320   3311500\n",
       "13 2012-01-23  5.362  5.442  5.320  5.354      5.354   2973000\n",
       "14 2012-01-24  5.326  5.536  5.288  5.484      5.484   4290000\n",
       "15 2012-01-25  5.454  5.602  5.410  5.594      5.594   3056000\n",
       "16 2012-01-26  5.614  5.916  5.600  5.788      5.788   6355500\n",
       "17 2012-01-27  5.700  5.944  5.700  5.866      5.866   3742000\n",
       "18 2012-01-30  5.898  5.922  5.706  5.914      5.914   3645000\n",
       "19 2012-01-31  5.980  6.000  5.774  5.814      5.814   4782000"
      ]
     },
     "execution_count": 10,
     "metadata": {},
     "output_type": "execute_result"
    }
   ],
   "source": [
    "df_prices.head(20)"
   ]
  },
  {
   "cell_type": "code",
   "execution_count": 11,
   "id": "5bef9791",
   "metadata": {},
   "outputs": [
    {
     "data": {
      "text/plain": [
       "Text(0.5, 1.0, 'Stock Closing price fluctuation')"
      ]
     },
     "execution_count": 11,
     "metadata": {},
     "output_type": "execute_result"
    },
    {
     "data": {
